9.497128047500002,2.523294507888415,1.5884881201596739,13.865514,6.0882955,-0.2369879,5.73995398
9.6370769425,0.8663678886434341,0.9307888528788009,11.836082,7.014479,-0.23675622,5.74035307
9.3959968375,1.8767284308225676,1.3699373820808627,13.021052,6.891896,-0.23638284,5.74102737
9.379993095,1.7967426575808638,1.3404262969596141,11.876944,4.7943625,-0.23604601,5.74176755
9.626861747500003,2.4566232465733098,1.5673618747989597,13.143636,4.7126403,-0.23569655,5.74251402
9.5982592375,0.4166381240804499,0.6454751149970461,10.841797,7.9270425,-0.23532822,5.74314396
9.69121795,0.6634624030834477,0.814532014768878,11.454713,8.240311,-0.23504392,5.74379763
9.782814775000002,0.5204848308186245,0.7214463464587124,12.489859,8.771504,-0.2346552,5.74436194
9.7092647775,1.6978186627759466,1.3030037078903294,14.818938,7.1234417,-0.23406763,5.7448356
9.8951826825,0.6674233105724013,0.8169597974027861,11.645397,7.7772183,-0.23349087,5.74528691
9.741272564999997,0.5601145547826197,0.7484080135745607,11.536434,7.9679036,-0.23307961,5.74560653
9.718799220000001,0.7445779930678776,0.8628893284007385,12.14935,7.3958488,-0.23257145,5.74603647
9.650697475,0.5718738796505994,0.7562234323601719,11.413852,7.43671,-0.23211388,5.74645792
9.8008617625,1.0242674744917497,1.0120610033450304,12.680544,7.9270425,-0.23174284,5.74695183
9.8951826825,0.6674233105724013,0.8169597974027861,11.645397,7.7772183,-0.23158688,5.74736439
9.685769924999999,0.28861501853476945,0.5372290187013071,10.991621,8.580819,-0.23145699,5.74781054
9.674873475000002,0.2734789848044994,0.5229521821395331,11.304889,8.281172,-0.23130256,5.74848315
9.6037072375,0.6518289068041496,0.807359217947098,12.258313,7.9270425,-0.23107037,5.7490837
9.593151425,0.1611316489484444,0.4014120687628168,10.460427,8.921328,-0.23087634,5.74960435
9.578168974999999,0.21613746049157437,0.46490586196731737,10.501288,8.499097,-0.23074377,5.750082
9.626180725,0.47223244298629946,0.6871917075942487,12.408136,8.349273,-0.23056095,5.75063218
9.3949753775,1.1404602230433611,1.067923322642296,11.645397,6.4015636,-0.23047029,5.75095978
9.545139715000001,0.6084595285376782,0.7800381583856512,11.223166,6.932757,-0.23030117,5.75142022
9.755914550000004,0.816919321066298,0.9038358927738476,13.293459,8.076866,-0.23022393,5.75179963
9.7092647775,1.6978186627759466,1.3030037078903294,14.818938,7.1234417,-0.23013937,5.75212922
9.67351135,0.3870885232893776,0.6221643860663977,11.141444,8.158588,-0.2301123,5.75244995
9.685769924999999,0.28861501853476945,0.5372290187013071,10.991621,8.580819,-0.23005118,5.75264338
9.6449088,0.5601977980199104,0.7484636250479447,12.871228,8.240311,-0.22998062,5.75322718
9.718799220000001,0.7445779930678776,0.8628893284007385,12.14935,7.3958488,-0.22984448,5.7537819
9.880540787500001,0.7235494476513862,0.8506170981419232,11.372991,7.5865335,-0.22980014,5.75440916
9.7480828325,0.7766743584275739,0.8812913016860963,11.454713,7.6273947,-0.22967276,5.75501857
9.578168974999999,0.21613746049157437,0.46490586196731737,10.501288,8.499097,-0.22949406,5.75543994
9.674873475000002,0.2734789848044994,0.5229521821395331,11.304889,8.281172,-0.22933108,5.75591318
9.697347050000005,1.8591501256416827,1.3635065550416994,13.211738,6.4424243,-0.22908317,5.75643025
9.513131925000001,0.7635375562187695,0.8738063608253086,11.264028,6.742072,-0.22890171,5.75686572
9.3959968375,1.8767284308225676,1.3699373820808627,13.021052,6.891896,-0.22870128,5.75731949
9.4739734825,2.1445487297163717,1.46442778234926,14.47843,6.3198414,-0.22857594,5.75766651
9.6360555525,0.8224569596387754,0.9068941281311592,11.114203,7.8180795,-0.22831758,5.75819673
9.6037072375,0.6518289068041496,0.807359217947098,12.258313,7.9270425,-0.22807703,5.75857745
9.65001635,0.8017910464854723,0.895427856661536,11.413852,7.1234417,-0.2277446,5.75886509
9.6363960875,0.36243839803974864,0.6020285691225531,12.108489,7.8180795,-0.22731039,5.75899476
9.7187991725,1.3459767825913351,1.1601623949220794,13.633968,6.5922484,-0.22682406,5.7590479
9.3959968375,1.8767284308225676,1.3699373820808627,13.021052,6.891896,-0.22645206,5.75918093
9.379993095,1.7967426575808638,1.3404262969596141,11.876944,4.7943625,-0.22615721,5.75933309
9.284650415000005,1.7586192948391102,1.3261294412081763,12.108489,4.099725,-0.22591644,5.75953052
9.588043862500001,2.0847118616928872,1.443853130236205,13.184497,5.407278,-0.22561723,5.75970888
9.4739734825,2.1445487297163717,1.46442778234926,14.47843,6.3198414,-0.22545761,5.7598242
9.3949753775,1.1404602230433611,1.067923322642296,11.645397,6.4015636,-0.2252288,5.76000513
9.545139715000001,0.6084595285376782,0.7800381583856512,11.223166,6.932757,-0.22510015,5.76018767
9.687472299999998,0.11354147933106,0.33695916567302336,10.228881,8.853226,-0.22493131,5.76046271
9.50461915,0.12032321667592749,0.3468763708815109,10.079058,8.539958,-0.22483476,5.76063691
9.809714875000001,0.13068976443160937,0.36151039325531065,11.182305,9.234595,-0.22451478,5.76106175
9.791327375000002,0.18081279303108452,0.42522087558242544,11.114203,8.730643,-0.2242561,5.76140626
9.700411537499999,1.2188836018300673,1.1040306163463345,13.184497,7.014479,-0.22400079,5.76175341
9.692579892500003,0.299518543054221,0.5472828729772392,10.800936,7.7363577,-0.22385025,5.76192878
9.628223840000002,1.1763322468158581,1.084588514975084,13.293459,6.6331096,-0.22367423,5.76220975
9.6449088,0.5601977980199104,0.7484636250479447,12.871228,8.240311,-0.22341895,5.76252412
9.510407727499999,0.29086495114596606,0.5393189697627612,10.269742,7.5865335,-0.22315156,5.76288888
9.81958975,0.6220275840329876,0.7886872536265485,12.176591,8.471856,-0.22280951,5.76333102
9.776685477499997,1.1646764516088877,1.0792017659404045,13.484144,7.8589406,-0.22254317,5.76366821
9.7474018325,1.2388669002082393,1.1130439794582419,12.489859,7.504812,-0.22227574,5.76404512
9.734462475000003,0.4498080700851494,0.6706773218807606,11.413852,8.076866,-0.22195925,5.76436553
9.910164974999999,0.39008750326062447,0.6245698545884395,11.645397,8.471856,-0.22172182,5.76465601
9.763746175000001,0.24285207757354438,0.49280024104452747,10.691973,8.539958,-0.22150881,5.76505066
9.524368625,0.6896756580932846,0.8304671324581633,11.413852,6.973618,-0.22134262,5.76542204
9.647973425,0.007638935029644388,0.08740100130801928,9.80665,9.466142,-0.19273416,5.61794292
9.64320635,0.008255301966927527,0.09085869230253937,9.847511,9.466142,-0.19445893,5.61761463
9.648654449999999,0.007984468811947521,0.08935585493938,9.80665,9.466142,-0.19640677,5.61738064
9.636055750000002,0.005732223524887512,0.07571144910043336,9.765789,9.466142,-0.1989466,5.61704592
9.640482274999998,0.0065504390322493975,0.08093478258603898,9.765789,9.466142,-0.20153901,5.6167503
9.632991149999999,0.005999007658377516,0.07745326112164365,9.765789,9.507003,-0.20445431,5.61641156
9.657167149999996,0.008315478600077498,0.09118924607692235,9.847511,9.507003,-0.20735829,5.6160264
9.641844275000002,0.01716738151464942,0.13102435466221315,9.915613,9.384419,-0.21007181,5.61573739
9.659550775000003,0.009444446325474403,0.09718254125857383,9.888372,9.507003,-0.21312688,5.61536664
9.6489949,0.007994546351890017,0.08941222708270954,9.80665,9.466142,-0.21576889,5.61509459
9.645589925000001,0.0044326908196693545,0.06657845612260287,9.765789,9.466142,-0.21859957,5.61473662
9.6353747,0.007150460743760019,0.08456039701751653,9.765789,9.466142,-0.22104344,5.61440847
9.645589824999997,0.007549310952094393,0.08688677086930088,9.80665,9.466142,-0.22302147,5.61391744
9.658529075,0.016456759223269432,0.12828390087329522,9.888372,9.384419,-0.22515658,5.61327552
9.748423274999999,0.08928769106009941,0.2988104600915092,10.378705,9.152874,-0.22667524,5.6128424
9.72901445,0.21465993437309758,0.4633140774605252,10.691973,8.662541,-0.2282095,5.61279857
9.745699225000003,0.09438010640422442,0.3072134541393401,10.378705,9.234595,-0.22873264,5.61350634
9.752849999999997,0.20634657674560014,0.4542538681680104,10.651112,8.689782,-0.22915463,5.61474342
9.642865684999999,0.4891396532106298,0.6993851965909986,11.073342,7.8861814,-0.22936924,5.61556334
9.630607324999998,0.21388253451576938,0.462474360928008,10.528529,8.471856,-0.229397,5.61565574
9.526411699999997,0.38566368077625984,0.6210182612260768,11.073342,8.117727,-0.22940336,5.61575729
9.566932225,0.26136853387722436,0.5112421479858877,11.141444,8.240311,-0.2296025,5.61701178
9.567272824999996,0.2351749181653445,0.4849483664941501,10.501288,8.430995,-0.22991414,5.61826508
9.582255,0.14730718177160007,0.3838061773494534,10.378705,8.662541,-0.23029334,5.61953741
9.767151424999998,0.14199971772849448,0.37682849909274974,10.501288,8.853226,-0.23087471,5.62085534
9.495766062500001,0.21763458576460243,0.46651322142529084,10.228881,7.9270425,-0.23158131,5.62188343
9.687472299999998,0.11354147933106,0.33695916567302336,10.228881,8.853226,-0.23197149,5.62245676
9.675894999999997,0.1599853238789001,0.3999816544279251,10.61025,9.043911,-0.23215749,5.62273216
9.50461915,0.12032321667592749,0.3468763708815109,10.079058,8.539958,-0.23232566,5.62301048
9.644908799999998,0.011754008421260028,0.10841590483531477,9.915613,9.384419,-0.23258183,5.62341248
9.778728675,0.055310398052069366,0.23518162779449708,10.61025,9.425281,-0.23282123,5.62378262
9.791327375000002,0.18081279303108452,0.42522087558242544,11.114203,8.730643,-0.23301028,5.62411573
9.609836325,0.1641607063895693,0.4051675041135077,10.732834,8.539958,-0.23316343,5.62433589
9.634693449999997,0.08968376489969757,0.2994724776998674,10.528529,9.00305,-0.23323878,5.62439894
9.737867600000001,0.1362594372231901,0.3691333596726122,10.528529,8.962189,-0.2339237,5.62541414
9.659891124999998,0.1013135932259593,0.31829796296231505,10.337844,8.962189,-0.23492018,5.62683788